Time [s], Thrust [N]
0.0, 0.0
92.12, 0.0
92.12, 0.0
9.0, 0.0
92.09, 0.0
92.09, 0.0
92.1, 0.0
92.1, 0.0
92.11, 0.0
92.11, 0.0
92.11, 0.0
92.12, 0.0
92.12, 0.0
92.12, 0.0
92.09, 0.0
92.09, 0.0
92.1, 0.0
92.1, 0.0
92.11, 0.0
92.11, 0.0
92.11, 0.0
92.12, 0.0
92.12, 0.0
92.12, 0.0
0.0, 0.0
0.0, 0.0
0.01, 0.0
0.01, 0.0
0.01, 0.0
0.02, 0.0
0.02, 0.0
0.03, 0.0
0.03, 0.0
0.03, 0.0
0.04, 0.0
0.04, 0.0
0.04, 0.0
0.05, 0.0
0.05, 0.0
0.06, 0.0
0.06, 0.0
0.06, 0.0
0.07, 0.0
0.07, 0.0
0.07, 0.0
0.08, 6.84
0.08, 6.84
0.08, 6.84
0.09, 6.84
0.09, 6.84
0.1, 6.84
0.1, 6.84
0.1, 6.84
0.11, 6.84
0.11, 6.84
0.11, 6.84
0.12, 6.84
0.12, 6.84
0.13, 6.84
0.13, 6.84
0.13, 6.84
0.14, 6.84
0.14, 6.84
0.14, 6.84
0.15, 6.84
0.15, 6.84
0.15, 6.84
0.16, 6.84
0.16, 6.84
0.17, 6.84
0.17, 6.84
0.17, 8.32
0.18, 8.32
0.18, 8.32
0.18, 8.32
0.19, 8.32
0.19, 8.32
0.2, 8.32
0.2, 8.32
0.2, 8.32
0.21, 8.32
0.21, 8.32
0.21, 8.32
0.22, 8.32
0.22, 8.32
0.22, 8.32
0.23, 8.32
0.23, 8.32
0.24, 8.32
0.24, 8.32
0.24, 8.32
0.25, 8.32
0.25, 8.32
0.25, 8.32
0.26, 8.32
0.26, 8.32
0.26, 8.32
0.27, 8.32
0.27, 8.32
0.28, 8.32
0.28, 8.32
0.28, 8.32
0.29, 8.32
0.29, 8.32
0.29, 8.32
0.3, 8.32
0.3, 8.32
0.31, 8.32
0.31, 8.32
0.31, 8.32
0.32, 8.32
0.32, 8.32
0.32, 8.32
0.33, 8.32
0.33, 8.32
0.33, 8.32
0.34, 8.32
0.34, 8.32
0.35, 8.32
0.35, 8.32
0.35, 8.32
0.36, 8.32
0.36, 8.32
0.36, 7.91
0.37, 7.91
0.37, 7.91
0.38, 7.91
0.38, 7.91
0.38, 7.91
0.39, 7.91
0.39, 7.91
0.39, 7.91
0.4, 7.91
0.4, 7.91
0.4, 7.91
0.41, 7.91
0.41, 7.91
0.42, 7.91
0.42, 7.91
0.42, 7.91
0.43, 7.91
0.43, 7.91
0.43, 7.91
0.44, 7.91
0.44, 7.91
0.45, 7.91
0.45, 7.91
0.45, 7.91
0.46, 7.91
0.46, 4.84
0.46, 4.84
0.47, 4.84
0.47, 4.84
0.47, 4.84
0.48, 4.84
0.48, 4.84
0.49, 4.84
0.49, 4.84
0.49, 4.84
0.5, 4.84
0.5, 4.84
0.5, 4.84
0.51, 4.84
0.51, 4.84
0.52, 4.84
0.52, 4.84
0.52, 4.84
0.53, 4.84
0.53, 4.84
0.53, 4.84
0.54, 4.84
0.54, 4.84
0.54, 4.84
0.55, 4.84
0.55, 4.84
0.56, 2.17
0.56, 2.17
0.56, 2.17
0.57, 2.17
0.57, 2.17
0.57, 2.17
0.58, 2.17
0.58, 2.17
0.59, 2.17
0.59, 2.17
0.59, 2.17
0.6, 2.17
0.6, 2.17
0.6, 2.17
0.61, 2.17
0.61, 2.17
0.61, 2.17
0.62, 2.17
0.62, 2.17
0.63, 2.17
0.63, 2.17
0.63, 2.17
0.64, 2.17
0.64, 2.17
0.64, 2.17
0.65, 2.17
0.65, 0.96
0.66, 0.96
0.66, 0.96
0.66, 0.96
0.67, 0.96
0.67, 0.96
0.67, 0.96
0.68, 0.96
0.68, 0.96
0.68, 0.96
0.69, 0.96
0.69, 0.96
0.7, 0.96
0.7, 0.96
0.7, 0.96
0.71, 0.96
0.71, 0.96
0.71, 0.96
0.72, 0.96
0.72, 0.96
0.73, 0.96
0.73, 0.96
0.73, 0.96
0.74, 0.96
0.74, 0.96
0.74, 0.96
0.75, 0.74
0.75, 0.74
0.75, 0.74
0.76, 0.74
0.76, 0.74
0.77, 0.74
0.77, 0.74
0.77, 0.74
0.78, 0.74
0.78, 0.74
0.78, 0.74
0.79, 0.74
0.79, 0.74
0.79, 0.74
0.8, 0.74
0.8, 0.74
0.81, 0.74
0.81, 0.74
0.81, 0.74
0.82, 0.74
0.82, 0.74
0.82, 0.74
0.83, 0.74
0.83, 0.74
0.84, 0.74
0.84, 0.74
0.84, 0.73
0.85, 0.73
0.85, 0.73
0.85, 0.73
0.86, 0.73
0.86, 0.73
0.86, 0.73
0.87, 0.73
0.87, 0.73
0.88, 0.73
0.88, 0.73
0.88, 0.73
0.89, 0.73
0.89, 0.73
0.89, 0.73
0.9, 0.73
0.9, 0.73
0.91, 0.73
0.91, 0.73
0.91, 0.73
0.92, 0.73
0.92, 0.73
0.92, 0.73
0.93, 0.73
0.93, 0.73
0.93, 0.73
0.94, 0.68
0.94, 0.68
0.95, 0.68
0.95, 0.68
0.95, 0.68
0.96, 0.68
0.96, 0.68
0.96, 0.68
0.97, 0.68
0.97, 0.68
0.98, 0.68
0.98, 0.68
0.98, 0.68
0.99, 0.68
0.99, 0.68
0.99, 0.68
1.0, 0.68
1.0, 0.68
1.0, 0.68
1.01, 0.68
1.01, 0.68
1.02, 0.68
1.02, 0.68
1.02, 0.68
1.03, 0.68
1.03, 0.68
1.03, 0.64
1.04, 0.64
1.04, 0.64
1.05, 0.64
1.05, 0.64
1.05, 0.64
1.06, 0.64
1.06, 0.64
1.06, 0.64
1.07, 0.64
1.07, 0.64
1.07, 0.64
1.08, 0.64
1.08, 0.64
1.09, 0.64
1.09, 0.64
1.09, 0.64
1.1, 0.64
1.1, 0.64
1.1, 0.64
1.11, 0.64
1.11, 0.64
1.12, 0.64
1.12, 0.64
1.12, 0.64
1.13, 0.62
1.13, 0.62
1.13, 0.62
1.14, 0.62
1.14, 0.62
1.14, 0.62
1.15, 0.62
1.15, 0.62
1.16, 0.62
1.16, 0.62
1.16, 0.62
1.17, 0.62
1.17, 0.62
1.17, 0.62
1.18, 0.62
1.18, 0.62
1.19, 0.62
1.19, 0.62
1.19, 0.62
1.2, 0.62
1.2, 0.62
1.2, 0.62
1.21, 0.62
1.21, 0.62
1.21, 0.62
1.22, 0.62
1.22, 0.59
1.23, 0.59
1.23, 0.59
1.23, 0.59
1.24, 0.59
1.24, 0.59
1.24, 0.59
1.25, 0.59
1.25, 0.59
1.25, 0.59
1.26, 0.59
1.26, 0.59
1.27, 0.59
1.27, 0.59
1.27, 0.59
1.28, 0.59
1.28, 0.59
1.28, 0.59
1.29, 0.59
1.29, 0.59
1.3, 0.59
1.3, 0.59
1.3, 0.59
1.31, 0.59
1.31, 0.59
1.31, 0.59
1.32, 0.59
1.32, 0.59
1.32, 0.59
1.33, 0.59
1.33, 0.59
1.34, 0.59
1.34, 0.59
1.34, 0.59
1.35, 0.59
1.35, 0.59
1.35, 0.59
1.36, 0.59
1.36, 0.59
1.37, 0.59
1.37, 0.59
1.37, 0.59
1.38, 0.59
1.38, 0.59
1.38, 0.59
1.39, 0.59
1.39, 0.59
1.39, 0.59
1.4, 0.59
1.4, 0.59
1.41, 0.59
1.41, 0.59
1.41, 0.76
1.42, 0.76
1.42, 0.76
1.42, 0.76
1.43, 0.76
1.43, 0.76
1.44, 0.76
1.44, 0.76
1.44, 0.76
1.45, 0.76
1.45, 0.76
1.45, 0.76
1.46, 0.76
1.46, 0.76
1.46, 0.76
1.47, 0.76
1.47, 0.76
1.48, 0.76
1.48, 0.76
1.48, 0.76
1.49, 0.76
1.49, 0.76
1.49, 0.76
1.5, 0.76
1.5, 0.76
1.51, 0.76
1.51, 1.63
1.51, 1.63
1.52, 1.63
1.52, 1.63
1.52, 1.63
1.53, 1.63
1.53, 1.63
1.53, 1.63
1.54, 1.63
1.54, 1.63
1.55, 1.63
1.55, 1.63
1.55, 1.63
1.56, 1.63
1.56, 1.63
1.56, 1.63
1.57, 1.63
1.57, 1.63
1.58, 1.63
1.58, 1.63
1.58, 1.63
1.59, 1.63
1.59, 1.63
1.59, 1.63
1.6, 1.63
1.6, 1.63
1.6, 3.03
1.61, 3.03
1.61, 3.03
1.62, 3.03
1.62, 3.03
1.62, 3.03
1.63, 3.03
1.63, 3.03
1.63, 3.03
1.64, 3.03
1.64, 3.03
1.65, 3.03
1.65, 3.03
1.65, 3.03
1.66, 3.03
1.66, 3.03
1.66, 3.03
1.67, 3.03
1.67, 3.03
1.67, 3.03
1.68, 3.03
1.68, 3.03
1.69, 3.03
1.69, 3.03
1.69, 3.03
1.7, 3.03
1.7, 4.39
1.7, 4.39
1.71, 4.39
1.71, 4.39
1.72, 4.39
1.72, 4.39
1.72, 4.39
1.73, 4.39
1.73, 4.39
1.73, 4.39
1.74, 4.39
1.74, 4.39
1.74, 4.39
1.75, 4.39
1.75, 4.39
1.76, 4.39
1.76, 4.39
1.76, 4.39
1.77, 4.39
1.77, 4.39
1.77, 4.39
1.78, 4.39
1.78, 4.39
1.78, 4.39
1.79, 4.39
1.79, 4.39
1.8, 5.53
1.8, 5.53
1.8, 5.53
1.81, 5.53
1.81, 5.53
1.81, 5.53
1.82, 5.53
1.82, 5.53
1.83, 5.53
1.83, 5.53
1.83, 5.53
1.84, 5.53
1.84, 5.53
1.84, 5.53
1.85, 5.53
1.85, 5.53
1.85, 5.53
1.86, 5.53
1.86, 5.53
1.87, 5.53
1.87, 5.53
1.87, 5.53
1.88, 5.53
1.88, 5.53
1.88, 5.53
1.89, 5.53
1.89, 6.35
1.9, 6.35
1.9, 6.35
1.9, 6.35
1.91, 6.35
1.91, 6.35
1.91, 6.35
1.92, 6.35
1.92, 6.35
1.92, 6.35
1.93, 6.35
1.93, 6.35
1.94, 6.35
1.94, 6.35
1.94, 6.35
1.95, 6.35
1.95, 6.35
1.95, 6.35
1.96, 6.35
1.96, 6.35
1.97, 6.35
1.97, 6.35
1.97, 6.35
1.98, 6.35
1.98, 6.35
1.98, 6.35
1.99, 6.86
1.99, 6.86
1.99, 6.86
2.0, 6.86
2.0, 6.86
2.01, 6.86
2.01, 6.86
2.01, 6.86
2.02, 6.86
2.02, 6.86
2.02, 6.86
2.03, 6.86
2.03, 6.86
2.04, 6.86
2.04, 6.86
2.04, 6.86
2.05, 6.86
2.05, 6.86
2.05, 6.86
2.06, 6.86
2.06, 6.86
2.06, 6.86
2.07, 6.86
2.07, 6.86
2.08, 6.86
2.08, 6.86
2.08, 7.31
2.09, 7.31
2.09, 7.31
2.09, 7.31
2.1, 7.31
2.1, 7.31
2.11, 7.31
2.11, 7.31
2.11, 7.31
2.12, 7.31
2.12, 7.31
2.12, 7.31
2.13, 7.31
2.13, 7.31
2.13, 7.31
2.14, 7.31
2.14, 7.31
2.15, 7.31
2.15, 7.31
2.15, 7.31
2.16, 7.31
2.16, 7.31
2.16, 7.31
2.17, 7.31
2.17, 7.31
2.18, 7.31
2.18, 8.06
2.18, 8.06
2.19, 8.06
2.19, 8.06
2.19, 8.06
2.2, 8.06
2.2, 8.06
2.2, 8.06
2.21, 8.06
2.21, 8.06
2.22, 8.06
2.22, 8.06
2.22, 8.06
2.23, 8.06
2.23, 8.06
2.23, 8.06
2.24, 8.06
2.24, 8.06
2.24, 8.06
2.25, 8.06
2.25, 8.06
2.26, 8.06
2.26, 8.06
2.26, 8.06
2.27, 8.06
2.27, 8.06
2.27, 9.2
2.28, 9.2
2.28, 9.2
2.29, 9.2
2.29, 9.2
2.29, 9.2
2.3, 9.2
2.3, 9.2
2.3, 9.2
2.31, 9.2
2.31, 9.2
2.31, 9.2
2.32, 9.2
2.32, 9.2
2.33, 9.2
2.33, 9.2
2.33, 9.2
2.34, 9.2
2.34, 9.2
2.34, 9.2
2.35, 9.2
2.35, 9.2
2.36, 9.2
2.36, 9.2
2.36, 9.2
2.37, 9.2
2.37, 10.36
2.37, 10.36
2.38, 10.36
2.38, 10.36
2.38, 10.36
2.39, 10.36
2.39, 10.36
2.4, 10.36
2.4, 10.36
2.4, 10.36
2.41, 10.36
2.41, 10.36
2.41, 10.36
2.42, 10.36
2.42, 10.36
2.43, 10.36
2.43, 10.36
2.43, 10.36
2.44, 10.36
2.44, 10.36
2.44, 10.36
2.45, 10.36
2.45, 10.36
2.45, 10.36
2.46, 10.36
2.46, 10.36
2.47, 11.51
2.47, 11.51
2.47, 11.51
2.48, 11.51
2.48, 11.51
2.48, 11.51
2.49, 11.51
2.49, 11.51
2.5, 11.51
2.5, 11.51
2.5, 11.51
2.51, 11.51
2.51, 11.51
2.51, 11.51
2.52, 11.51
2.52, 11.51
2.52, 11.51
2.53, 11.51
2.53, 11.51
2.54, 11.51
2.54, 11.51
2.54, 11.51
2.55, 11.51
2.55, 11.51
2.55, 11.51
2.56, 11.51
2.56, 12.41
2.57, 12.41
2.57, 12.41
2.57, 12.41
2.58, 12.41
2.58, 12.41
2.58, 12.41
2.59, 12.41
2.59, 12.41
2.59, 12.41
2.6, 12.41
2.6, 12.41
2.61, 12.41
2.61, 12.41
2.61, 12.41
2.62, 12.41
2.62, 12.41
2.62, 12.41
2.63, 12.41
2.63, 12.41
2.64, 12.41
2.64, 12.41
2.64, 12.41
2.65, 12.41
2.65, 12.41
2.65, 12.41
2.66, 13.03
2.66, 13.03
2.66, 13.03
2.67, 13.03
2.67, 13.03
2.68, 13.03
2.68, 13.03
2.68, 13.03
2.69, 13.03
2.69, 13.03
2.69, 13.03
2.7, 13.03
2.7, 13.03
2.71, 13.03
2.71, 13.03
2.71, 13.03
2.72, 13.03
2.72, 13.03
2.72, 13.03
2.73, 13.03
2.73, 13.03
2.73, 13.03
2.74, 13.03
2.74, 13.03
2.75, 13.03
2.75, 13.03
2.75, 13.44
2.76, 13.44
2.76, 13.44
2.76, 13.44
2.77, 13.44
2.77, 13.44
2.77, 13.44
2.78, 13.44
2.78, 13.44
2.79, 13.44
2.79, 13.44
2.79, 13.44
2.8, 13.44
2.8, 13.44
2.8, 13.44
2.81, 13.44
2.81, 13.44
2.82, 13.44
2.82, 13.44
2.82, 13.44
2.83, 13.44
2.83, 13.44
2.83, 13.44
2.84, 13.44
2.84, 13.44
2.84, 13.44
2.85, 13.47
2.85, 13.47
2.86, 13.47
2.86, 13.47
2.86, 13.47
2.87, 13.47
2.87, 13.47
2.87, 13.47
2.88, 13.47
2.88, 13.47
2.89, 13.47
2.89, 13.47
2.89, 13.47
2.9, 13.47
2.9, 13.47
2.9, 13.47
2.91, 13.47
2.91, 13.47
2.91, 13.47
2.92, 13.47
2.92, 13.47
2.93, 13.47
2.93, 13.47
2.93, 13.47
2.94, 13.47
2.94, 13.47
2.94, 13.47
2.95, 13.47
2.95, 13.47
2.96, 13.47
2.96, 13.47
2.96, 13.47
2.97, 13.47
2.97, 13.47
2.97, 13.47
2.98, 13.47
2.98, 13.47
2.98, 13.47
2.99, 13.47
2.99, 13.47
3.0, 13.47
3.0, 13.47
3.0, 13.47
3.01, 13.47
3.01, 13.47
3.01, 13.47
3.02, 13.47
3.02, 13.47
3.03, 13.47
3.03, 13.47
3.03, 13.47
3.04, 13.47
3.04, 13.37
3.04, 13.37
3.05, 13.37
3.05, 13.37
3.05, 13.37
3.06, 13.37
3.06, 13.37
3.07, 13.37
3.07, 13.37
3.07, 13.37
3.08, 13.37
3.08, 13.37
3.08, 13.37
3.09, 13.37
3.09, 13.37
3.1, 13.37
3.1, 13.37
3.1, 13.37
3.11, 13.37
3.11, 13.37
3.11, 13.37
3.12, 13.37
3.12, 13.37
3.12, 13.37
3.13, 13.37
3.13, 13.37
3.14, 13.16
3.14, 13.16
3.14, 13.16
3.15, 13.16
3.15, 13.16
3.15, 13.16
3.16, 13.16
3.16, 13.16
3.17, 13.16
3.17, 13.16
3.17, 13.16
3.18, 13.16
3.18, 13.16
3.18, 13.16
3.19, 13.16
3.19, 13.16
3.19, 13.16
3.2, 13.16
3.2, 13.16
3.21, 13.16
3.21, 13.16
3.21, 13.16
3.22, 13.16
3.22, 13.16
3.22, 13.16
3.23, 13.16
3.23, 12.31
3.23, 12.31
3.24, 12.31
3.24, 12.31
3.25, 12.31
3.25, 12.31
3.25, 12.31
3.26, 12.31
3.26, 12.31
3.26, 12.31
3.27, 12.31
3.27, 12.31
3.28, 12.31
3.28, 12.31
3.28, 12.31
3.29, 12.31
3.29, 12.31
3.29, 12.31
3.3, 12.31
3.3, 12.31
3.3, 12.31
3.31, 12.31
3.31, 12.31
3.32, 12.31
3.32, 12.31
3.32, 12.31
3.33, 8.62
3.33, 8.62
3.33, 8.62
3.34, 8.62
3.34, 8.62
3.35, 8.62
3.35, 8.62
3.35, 8.62
3.36, 8.62
3.36, 8.62
3.36, 8.62
3.37, 8.62
3.37, 8.62
3.37, 8.62
3.38, 8.62
3.38, 8.62
3.39, 8.62
3.39, 8.62
3.39, 8.62
3.4, 8.62
3.4, 8.62
3.4, 8.62
3.41, 8.62
3.41, 8.62
3.42, 8.62
3.42, 8.62
3.42, 3.27
3.43, 3.27
3.43, 3.27
3.43, 3.27
3.44, 3.27
3.44, 3.27
3.44, 3.27
3.45, 3.27
3.45, 3.27
3.46, 3.27
3.46, 3.27
3.46, 3.27
3.47, 3.27
3.47, 3.27
3.47, 3.27
3.48, 3.27
3.48, 3.27
3.49, 3.27
3.49, 3.27
3.49, 3.27
3.5, 3.27
3.5, 3.27
3.5, 3.27
3.51, 3.27
3.51, 3.27
3.51, 3.27
3.52, 0.95
3.52, 0.95
3.53, 0.95
3.53, 0.95
3.53, 0.95
3.54, 0.95
3.54, 0.95
3.54, 0.95
3.55, 0.95
3.55, 0.95
3.56, 0.95
3.56, 0.95
3.56, 0.95
3.57, 0.95
3.57, 0.95
3.57, 0.95
3.58, 0.95
3.58, 0.95
3.58, 0.95
3.59, 0.95
3.59, 0.95
3.6, 0.95
3.6, 0.95
3.6, 0.95
3.61, 0.95
3.61, 0.61
3.61, 0.61
3.62, 0.61
3.62, 0.61
3.63, 0.61
3.63, 0.61
3.63, 0.61
3.64, 0.61
3.64, 0.61
3.64, 0.61
3.65, 0.61
3.65, 0.61
3.65, 0.61
3.66, 0.61
3.66, 0.61
3.67, 0.61
3.67, 0.61
3.67, 0.61
3.68, 0.61
3.68, 0.61
3.68, 0.61
3.69, 0.61
3.69, 0.61
3.69, 0.61
3.7, 0.61
3.7, 0.61
3.71, 0.59
3.71, 0.59
3.71, 0.59
3.72, 0.59
3.72, 0.59
3.72, 0.59
3.73, 0.59
3.73, 0.59
3.74, 0.59
3.74, 0.59
3.74, 0.59
3.75, 0.59
3.75, 0.59
3.75, 0.59
3.76, 0.59
3.76, 0.59
3.76, 0.59
3.77, 0.59
3.77, 0.59
3.78, 0.59
3.78, 0.59
3.78, 0.59
3.79, 0.59
3.79, 0.59
3.79, 0.59
3.8, 0.59
3.8, 0.59
3.81, 0.59
3.81, 0.59
3.81, 0.59
3.82, 0.59
3.82, 0.59
3.82, 0.59
3.83, 0.59
3.83, 0.59
3.83, 0.59
3.84, 0.59
3.84, 0.59
3.85, 0.59
3.85, 0.59
3.85, 0.59
3.86, 0.59
3.86, 0.59
3.86, 0.59
3.87, 0.59
3.87, 0.59
3.88, 0.59
3.88, 0.59
3.88, 0.59
3.89, 0.59
3.89, 0.59
3.89, 0.59
3.9, 0.59
3.9, 0.59
3.9, 0.59
3.91, 0.59
3.91, 0.59
3.92, 0.59
3.92, 0.59
3.92, 0.59
3.93, 0.59
3.93, 0.59
3.93, 0.59
3.94, 0.59
3.94, 0.59
3.95, 0.59
3.95, 0.59
3.95, 0.59
3.96, 0.59
3.96, 0.59
3.96, 0.59
3.97, 0.59
3.97, 0.59
3.97, 0.59
3.98, 0.59
3.98, 0.59
3.99, 0.59
3.99, 0.59
3.99, 0.59
4.0, 0.59
4.0, 0.59
4.0, 0.59
4.01, 0.59
4.01, 0.59
4.02, 0.59
4.02, 0.59
4.02, 0.59
4.03, 0.59
4.03, 0.59
4.03, 0.59
4.04, 0.59
4.04, 0.59
4.04, 0.59
4.05, 0.59
4.05, 0.59
4.06, 0.59
4.06, 0.59
4.06, 0.59
4.07, 0.59
4.07, 0.59
4.07, 0.59
4.08, 0.59
4.08, 0.59
4.09, 0.59
4.09, 0.6
4.09, 0.6
4.1, 0.6
4.1, 0.6
4.1, 0.6
4.11, 0.6
4.11, 0.6
4.11, 0.6
4.12, 0.6
4.12, 0.6
4.13, 0.6
4.13, 0.6
4.13, 0.6
4.14, 0.6
4.14, 0.6
4.14, 0.6
4.15, 0.6
4.15, 0.6
4.15, 0.6
4.16, 0.6
4.16, 0.6
4.17, 0.6
4.17, 0.6
4.17, 0.6
4.18, 0.6
4.18, 0.6
4.18, 0.6
4.19, 0.6
4.19, 0.6
4.2, 0.6
4.2, 0.6
4.2, 0.6
4.21, 0.6
4.21, 0.6
4.21, 0.6
4.22, 0.6
4.22, 0.6
4.22, 0.6
4.23, 0.6
4.23, 0.6
4.24, 0.6
4.24, 0.6
4.24, 0.6
4.25, 0.6
4.25, 0.6
4.25, 0.6
4.26, 0.6
4.26, 0.6
4.27, 0.6
4.27, 0.6
4.27, 0.6
4.28, 0.6
4.28, 0.6
4.28, 0.6
4.29, 0.6
4.29, 0.6
4.29, 0.6
4.3, 0.6
4.3, 0.6
4.31, 0.6
4.31, 0.6
4.31, 0.6
4.32, 0.6
4.32, 0.6
4.32, 0.6
4.33, 0.6
4.33, 0.6
4.34, 0.6
4.34, 0.6
4.34, 0.6
4.35, 0.6
4.35, 0.6
4.35, 0.6
4.36, 0.6
4.36, 0.6
4.36, 0.6
4.37, 0.6
4.37, 0.6
4.38, 0.6
4.38, 0.6
4.38, 0.6
4.39, 0.6
4.39, 0.6
4.39, 0.6
4.4, 0.6
4.4, 0.6
4.41, 0.6
4.41, 0.6
4.41, 0.6
4.42, 0.6
4.42, 0.6
4.42, 0.6
4.43, 0.6
4.43, 0.6
4.43, 0.6
4.44, 0.6
4.44, 0.6
4.45, 0.6
4.45, 0.6
4.45, 0.6
4.46, 0.6
4.46, 0.6
4.46, 0.6
4.47, 0.6
4.47, 0.6
4.48, 0.6
4.48, 0.6
4.48, 0.6
4.49, 0.6
4.49, 0.6
4.49, 0.6
4.5, 0.6
4.5, 0.6
4.5, 0.6
4.51, 0.6
4.51, 0.6
4.52, 0.6
4.52, 0.6
4.52, 0.6
4.53, 0.6
4.53, 0.6
4.53, 0.6
4.54, 0.6
4.54, 0.6
4.55, 0.6
4.55, 0.6
4.55, 0.6
4.56, 0.6
4.56, 0.6
4.56, 0.6
4.57, 0.6
4.57, 0.6
4.57, 0.6
4.58, 0.6
4.58, 0.6
4.59, 0.6
4.59, 0.6
4.59, 0.6
4.6, 0.6
4.6, 0.6
4.6, 0.6
4.61, 0.6
4.61, 0.6
4.62, 0.6
4.62, 0.6
4.62, 0.6
4.63, 0.6
4.63, 0.6
4.63, 0.6
4.64, 0.6
4.64, 0.6
4.64, 0.6
4.65, 0.6
4.65, 0.6
4.66, 0.6
4.66, 0.6
4.66, 0.6
4.67, 0.6
4.67, 0.6
4.67, 0.6
4.68, 0.6
4.68, 0.6
4.69, 0.6
4.69, 0.6
4.69, 0.6
4.7, 0.6
4.7, 0.6
4.7, 0.6
4.71, 0.6
4.71, 0.6
4.71, 0.6
4.72, 0.6
4.72, 0.6
4.73, 0.6
4.73, 0.6
4.73, 0.6
4.74, 0.6
4.74, 0.6
4.74, 0.6
4.75, 0.6
4.75, 0.6
4.75, 0.6
4.76, 0.6
4.76, 0.6
4.77, 0.6
4.77, 0.6
4.77, 0.6
4.78, 0.6
4.78, 0.6
4.78, 0.6
4.79, 0.6
4.79, 0.6
4.8, 0.6
4.8, 0.6
4.8, 0.6
4.81, 0.6
4.81, 0.6
4.81, 0.6
4.82, 0.6
4.82, 0.6
4.82, 0.6
4.83, 0.6
4.83, 0.6
4.84, 0.6
4.84, 0.6
4.84, 0.6
4.85, 0.6
4.85, 0.6
4.85, 0.6
4.86, 0.6
4.86, 0.6
4.87, 0.6
4.87, 0.6
4.87, 0.6
4.88, 0.6
4.88, 0.6
4.88, 0.6
4.89, 0.6
4.89, 0.6
4.89, 0.6
4.9, 0.6
4.9, 0.6
4.91, 0.6
4.91, 0.6
4.91, 0.6
4.92, 0.6
4.92, 0.6
4.92, 0.6
4.93, 0.6
4.93, 0.6
4.94, 0.6
4.94, 0.6
4.94, 0.6
4.95, 0.6
4.95, 0.6
4.95, 0.6
4.96, 0.6
4.96, 0.6
4.96, 0.6
4.97, 0.6
4.97, 0.6
4.98, 0.6
4.98, 0.6
4.98, 0.6
4.99, 0.6
4.99, 0.6
4.99, 0.6
5.0, 0.6
5.0, 0.6
5.01, 0.6
5.01, 0.6
5.01, 0.6
5.02, 0.6
5.02, 0.6
5.02, 0.6
5.03, 0.6
5.03, 0.6
5.03, 0.6
5.04, 0.6
5.04, 0.6
5.05, 0.6
5.05, 0.6
5.05, 0.6
5.06, 0.6
5.06, 0.6
5.06, 0.6
5.07, 0.6
5.07, 0.6
5.08, 0.6
5.08, 0.6
5.08, 0.6
5.09, 0.6
5.09, 0.6
5.09, 0.6
5.1, 0.6
5.1, 0.6
5.1, 0.6
5.11, 0.6
5.11, 0.6
5.12, 0.6
5.12, 0.6
5.12, 0.6
5.13, 0.6
5.13, 0.6
5.13, 0.6
5.14, 0.6
5.14, 0.6
5.15, 0.6
5.15, 0.6
5.15, 0.6
5.16, 0.6
5.16, 0.6
5.16, 0.6
5.17, 0.6
5.17, 0.6
5.17, 0.6
5.18, 0.6
5.18, 0.6
5.19, 0.6
5.19, 0.6
5.19, 0.6
5.2, 0.6
5.2, 0.6
5.2, 0.6
5.21, 0.6
5.21, 0.6
5.21, 0.6
5.22, 0.6
5.22, 0.6
5.23, 0.6
5.23, 0.6
5.23, 0.6
5.24, 0.61
5.24, 0.61
5.24, 0.61
5.25, 0.61
5.25, 0.61
5.26, 0.61
5.26, 0.61
5.26, 0.61
5.27, 0.61
5.27, 0.61
5.27, 0.61
5.28, 0.61
5.28, 0.61
5.28, 0.61
5.29, 0.61
5.29, 0.61
5.3, 0.61
5.3, 0.61
5.3, 0.61
5.31, 0.61
5.31, 0.61
5.31, 0.61
5.32, 0.61
5.32, 0.61
5.33, 0.61
5.33, 0.61
5.33, 0.61
5.34, 0.61
5.34, 0.61
5.34, 0.61
5.35, 0.61
5.35, 0.61
5.35, 0.61
5.36, 0.61
5.36, 0.61
5.37, 0.61
5.37, 0.61
5.37, 0.61
5.38, 0.61
5.38, 0.61
5.38, 0.61
5.39, 0.61
5.39, 0.61
5.4, 0.61
5.4, 0.61
5.4, 0.61
5.41, 0.61
5.41, 0.61
5.41, 0.61
5.42, 0.61
5.42, 0.61
5.42, 0.61
5.43, 0.62
5.43, 0.62
5.44, 0.62
5.44, 0.62
5.44, 0.62
5.45, 0.62
5.45, 0.62
5.45, 0.62
5.46, 0.62
5.46, 0.62
5.47, 0.62
5.47, 0.62
5.47, 0.62
5.48, 0.62
5.48, 0.62
5.48, 0.62
5.49, 0.62
5.49, 0.62
5.49, 0.62
5.5, 0.62
5.5, 0.62
5.51, 0.62
5.51, 0.62
5.51, 0.62
5.52, 0.62
5.52, 0.62
5.52, 0.68
5.53, 0.68
5.53, 0.68
5.54, 0.68
5.54, 0.68
5.54, 0.68
5.55, 0.68
5.55, 0.68
5.55, 0.68
5.56, 0.68
5.56, 0.68
5.56, 0.68
5.57, 0.68
5.57, 0.68
5.58, 0.68
5.58, 0.68
5.58, 0.68
5.59, 0.68
5.59, 0.68
5.59, 0.68
5.6, 0.68
5.6, 0.68
5.61, 0.68
5.61, 0.68
5.61, 0.68
5.62, 0.68
5.62, 1.51
5.62, 1.51
5.63, 1.51
5.63, 1.51
5.63, 1.51
5.64, 1.51
5.64, 1.51
5.65, 1.51
5.65, 1.51
5.65, 1.51
5.66, 1.51
5.66, 1.51
5.66, 1.51
5.67, 1.51
5.67, 1.51
5.68, 1.51
5.68, 1.51
5.68, 1.51
5.69, 1.51
5.69, 1.51
5.69, 1.51
5.7, 1.51
5.7, 1.51
5.7, 1.51
5.71, 1.51
5.71, 1.51
5.72, 3.37
5.72, 3.37
5.72, 3.37
5.73, 3.37
5.73, 3.37
5.73, 3.37
5.74, 3.37
5.74, 3.37
5.74, 3.37
5.75, 3.37
5.75, 3.37
5.76, 3.37
5.76, 3.37
5.76, 3.37
5.77, 3.37
5.77, 3.37
5.77, 3.37
5.78, 3.37
5.78, 3.37
5.79, 3.37
5.79, 3.37
5.79, 3.37
5.8, 3.37
5.8, 3.37
5.8, 3.37
5.81, 3.37
5.81, 4.83
5.81, 4.83
5.82, 4.83
5.82, 4.83
5.83, 4.83
5.83, 4.83
5.83, 4.83
5.84, 4.83
5.84, 4.83
5.84, 4.83
5.85, 4.83
5.85, 4.83
5.86, 4.83
5.86, 4.83
5.86, 4.83
5.87, 4.83
5.87, 4.83
5.87, 4.83
5.88, 4.83
5.88, 4.83
5.88, 4.83
5.89, 4.83
5.89, 4.83
5.9, 4.83
5.9, 4.83
5.9, 4.83
5.91, 5.47
5.91, 5.47
5.91, 5.47
5.92, 5.47
5.92, 5.47
5.93, 5.47
5.93, 5.47
5.93, 5.47
5.94, 5.47
5.94, 5.47
5.94, 5.47
5.95, 5.47
5.95, 5.47
5.95, 5.47
5.96, 5.47
5.96, 5.47
5.97, 5.47
5.97, 5.47
5.97, 5.47
5.98, 5.47
5.98, 5.47
5.98, 5.47
5.99, 5.47
5.99, 5.47
6.0, 5.47
6.0, 5.95
6.0, 5.95
6.01, 5.95
6.01, 5.95
6.01, 5.95
6.02, 5.95
6.02, 5.95
6.02, 5.95
6.03, 5.95
6.03, 5.95
6.04, 5.95
6.04, 5.95
6.04, 5.95
6.05, 5.95
6.05, 5.95
6.05, 5.95
6.06, 5.95
6.06, 5.95
6.07, 5.95
6.07, 5.95
6.07, 5.95
6.08, 5.95
6.08, 5.95
6.08, 5.95
6.09, 5.95
6.09, 5.95
6.09, 6.64
6.1, 6.64
6.1, 6.64
6.11, 6.64
6.11, 6.64
6.11, 6.64
6.12, 6.64
6.12, 6.64
6.12, 6.64
6.13, 6.64
6.13, 6.64
6.14, 6.64
6.14, 6.64
6.14, 6.64
6.15, 6.64
6.15, 6.64
6.15, 6.64
6.16, 6.64
6.16, 6.64
6.16, 6.64
6.17, 6.64
6.17, 6.64
6.18, 6.64
6.18, 6.64
6.18, 6.64
6.19, 6.64
6.19, 7.16
6.19, 7.16
6.2, 7.16
6.2, 7.16
6.2, 7.16
6.21, 7.16
6.21, 7.16
6.22, 7.16
6.22, 7.16
6.22, 7.16
6.23, 7.16
6.23, 7.16
6.23, 7.16
6.24, 7.16
6.24, 7.16
6.25, 7.16
6.25, 7.16
6.25, 7.16
6.26, 7.16
6.26, 7.16
6.26, 7.16
6.27, 7.16
6.27, 7.16
6.27, 7.16
6.28, 7.16
6.28, 7.16
6.29, 7.44
6.29, 7.44
6.29, 7.44
6.3, 7.44
6.3, 7.44
6.3, 7.44
6.31, 7.44
6.31, 7.44
6.32, 7.44
6.32, 7.44
6.32, 7.44
6.33, 7.44
6.33, 7.44
6.33, 7.44
6.34, 7.44
6.34, 7.44
6.34, 7.44
6.35, 7.44
6.35, 7.44
6.36, 7.44
6.36, 7.44
6.36, 7.44
6.37, 7.44
6.37, 7.44
6.37, 7.44
6.38, 7.44
6.38, 7.52
6.39, 7.52
6.39, 7.52
6.39, 7.52
6.4, 7.52
6.4, 7.52
6.4, 7.52
6.41, 7.52
6.41, 7.52
6.41, 7.52
6.42, 7.52
6.42, 7.52
6.43, 7.52
6.43, 7.52
6.43, 7.52
6.44, 7.52
6.44, 7.52
6.44, 7.52
6.45, 7.52
6.45, 7.52
6.46, 7.52
6.46, 7.52
6.46, 7.52
6.47, 7.52
6.47, 7.52
6.47, 7.52
6.48, 7.58
6.48, 7.58
6.48, 7.58
6.49, 7.58
6.49, 7.58
6.5, 7.58
6.5, 7.58
6.5, 7.58
6.51, 7.58
6.51, 7.58
6.51, 7.58
6.52, 7.58
6.52, 7.58
6.53, 7.58
6.53, 7.58
6.53, 7.58
6.54, 7.58
6.54, 7.58
6.54, 7.58
6.55, 7.58
6.55, 7.58
6.55, 7.58
6.56, 7.58
6.56, 7.58
6.57, 7.58
6.57, 7.58
6.57, 7.69
6.58, 7.69
6.58, 7.69
6.58, 7.69
6.59, 7.69
6.59, 7.69
6.6, 7.69
6.6, 7.69
6.6, 7.69
6.61, 7.69
6.61, 7.69
6.61, 7.69
6.62, 7.69
6.62, 7.69
6.62, 7.69
6.63, 7.69
6.63, 7.69
6.64, 7.69
6.64, 7.69
6.64, 7.69
6.65, 7.69
6.65, 7.69
6.65, 7.69
6.66, 7.69
6.66, 7.69
6.67, 7.69
6.67, 7.69
6.67, 7.69
6.68, 7.69
6.68, 7.69
6.68, 7.69
6.69, 7.69
6.69, 7.69
6.69, 7.69
6.7, 7.69
6.7, 7.69
6.71, 7.69
6.71, 7.69
6.71, 7.69
6.72, 7.69
6.72, 7.69
6.72, 7.69
6.73, 7.69
6.73, 7.69
6.73, 7.69
6.74, 7.69
6.74, 7.69
6.75, 7.69
6.75, 7.69
6.75, 7.69
6.76, 7.69
6.76, 7.69
6.76, 7.67
6.77, 7.67
6.77, 7.67
6.78, 7.67
6.78, 7.67
6.78, 7.67
6.79, 7.67
6.79, 7.67
6.79, 7.67
6.8, 7.67
6.8, 7.67
6.8, 7.67
6.81, 7.67
6.81, 7.67
6.82, 7.67
6.82, 7.67
6.82, 7.67
6.83, 7.67
6.83, 7.67
6.83, 7.67
6.84, 7.67
6.84, 7.67
6.85, 7.67
6.85, 7.67
6.85, 7.67
6.86, 7.67
6.86, 7.47
6.86, 7.47
6.87, 7.47
6.87, 7.47
6.87, 7.47
6.88, 7.47
6.88, 7.47
6.89, 7.47
6.89, 7.47
6.89, 7.47
6.9, 7.47
6.9, 7.47
6.9, 7.47
6.91, 7.47
6.91, 7.47
6.92, 7.47
6.92, 7.47
6.92, 7.47
6.93, 7.47
6.93, 7.47
6.93, 7.47
6.94, 7.47
6.94, 7.47
6.94, 7.47
6.95, 7.47
6.95, 7.47
6.96, 7.04
6.96, 7.04
6.96, 7.04
6.97, 7.04
6.97, 7.04
6.97, 7.04
6.98, 7.04
6.98, 7.04
6.99, 7.04
6.99, 7.04
6.99, 7.04
7.0, 7.04
7.0, 7.04
7.0, 7.04
7.01, 7.04
7.01, 7.04
7.01, 7.04
7.02, 7.04
7.02, 7.04
7.03, 7.04
7.03, 7.04
7.03, 7.04
7.04, 7.04
7.04, 7.04
7.04, 7.04
7.05, 7.04
7.05, 5.56
7.06, 5.56
7.06, 5.56
7.06, 5.56
7.07, 5.56
7.07, 5.56
7.07, 5.56
7.08, 5.56
7.08, 5.56
7.08, 5.56
7.09, 5.56
7.09, 5.56
7.1, 5.56
7.1, 5.56
7.1, 5.56
7.11, 5.56
7.11, 5.56
7.11, 5.56
7.12, 5.56
7.12, 5.56
7.13, 5.56
7.13, 5.56
7.13, 5.56
7.14, 5.56
7.14, 5.56
7.14, 5.56
7.15, 2.24
7.15, 2.24
7.15, 2.24
7.16, 2.24
7.16, 2.24
7.17, 2.24
7.17, 2.24
7.17, 2.24
7.18, 2.24
7.18, 2.24
7.18, 2.24
7.19, 2.24
7.19, 2.24
7.19, 2.24
7.2, 2.24
7.2, 2.24
7.21, 2.24
7.21, 2.24
7.21, 2.24
7.22, 2.24
7.22, 2.24
7.22, 2.24
7.23, 2.24
7.23, 2.24
7.24, 2.24
7.24, 2.24
7.24, 0.7
7.25, 0.7
7.25, 0.7
7.25, 0.7
7.26, 0.7
7.26, 0.7
7.26, 0.7
7.27, 0.7
7.27, 0.7
7.28, 0.7
7.28, 0.7
7.28, 0.7
7.29, 0.7
7.29, 0.7
7.29, 0.7
7.3, 0.7
7.3, 0.7
7.31, 0.7
7.31, 0.7
7.31, 0.7
7.32, 0.7
7.32, 0.7
7.32, 0.7
7.33, 0.7
7.33, 0.7
7.33, 0.7
7.34, 0.6
7.34, 0.6
7.35, 0.6
7.35, 0.6
7.35, 0.6
7.36, 0.6
7.36, 0.6
7.36, 0.6
7.37, 0.6
7.37, 0.6
7.38, 0.6
7.38, 0.6
7.38, 0.6
7.39, 0.6
7.39, 0.6
7.39, 0.6
7.4, 0.6
7.4, 0.6
7.4, 0.6
7.41, 0.6
7.41, 0.6
7.42, 0.6
7.42, 0.6
7.42, 0.6
7.43, 0.6
7.43, 0.6
7.43, 0.6
7.44, 0.6
7.44, 0.6
7.45, 0.6
7.45, 0.6
7.45, 0.6
7.46, 0.6
7.46, 0.6
7.46, 0.6
7.47, 0.6
7.47, 0.6
7.47, 0.6
7.48, 0.6
7.48, 0.6
7.49, 0.6
7.49, 0.6
7.49, 0.6
7.5, 0.6
7.5, 0.6
7.5, 0.6
7.51, 0.6
7.51, 0.6
7.52, 0.6
7.52, 0.6
7.52, 0.6
7.53, 0.6
7.53, 0.6
7.53, 0.6
7.54, 0.6
7.54, 0.6
7.54, 0.6
7.55, 0.6
7.55, 0.6
7.56, 0.6
7.56, 0.6
7.56, 0.6
7.57, 0.6
7.57, 0.6
7.57, 0.6
7.58, 0.6
7.58, 0.6
7.59, 0.6
7.59, 0.6
7.59, 0.6
7.6, 0.6
7.6, 0.6
7.6, 0.6
7.61, 0.6
7.61, 0.6
7.61, 0.6
7.62, 0.6
7.62, 0.6
7.63, 0.6
7.63, 0.6
7.63, 0.6
7.64, 0.6
7.64, 0.6
7.64, 0.6
7.65, 0.6
7.65, 0.6
7.66, 0.6
7.66, 0.6
7.66, 0.6
7.67, 0.6
7.67, 0.6
7.67, 0.6
7.68, 0.6
7.68, 0.6
7.68, 0.6
7.69, 0.6
7.69, 0.6
7.7, 0.6
7.7, 0.6
7.7, 0.6
7.71, 0.6
7.71, 0.6
7.71, 0.6
7.72, 0.6
7.72, 0.6
7.72, 0.6
7.73, 0.6
7.73, 0.6
7.74, 0.6
7.74, 0.6
7.74, 0.6
7.75, 0.6
7.75, 0.6
7.75, 0.6
7.76, 0.6
7.76, 0.6
7.77, 0.6
7.77, 0.6
7.77, 0.6
7.78, 0.6
7.78, 0.6
7.78, 0.6
7.79, 0.6
7.79, 0.6
7.79, 0.6
7.8, 0.6
7.8, 0.6
7.81, 0.6
7.81, 0.6
7.81, 0.6
7.82, 0.6
7.82, 0.6
7.82, 0.6
7.83, 0.6
7.83, 0.6
7.84, 0.6
7.84, 0.6
7.84, 0.6
7.85, 0.6
7.85, 0.6
7.85, 0.6
7.86, 0.6
7.86, 0.6
7.86, 0.6
7.87, 0.6
7.87, 0.6
7.88, 0.6
7.88, 0.6
7.88, 0.6
7.89, 0.6
7.89, 0.6
7.89, 0.6
7.9, 0.6
7.9, 0.6
7.91, 0.6
7.91, 0.6
7.91, 0.6
7.92, 0.6
7.92, 0.6
7.92, 0.6
7.93, 0.6
7.93, 0.6
7.93, 0.6
7.94, 0.6
7.94, 0.6
7.95, 0.6
7.95, 0.6
7.95, 0.6
7.96, 0.6
7.96, 0.6
7.96, 0.6
7.97, 0.6
7.97, 0.6
7.98, 0.6
7.98, 0.6
7.98, 0.6
7.99, 0.6
7.99, 0.6
7.99, 0.6
8.0, 0.6
8.0, 0.6
8.0, 0.6
8.01, 0.6
8.01, 0.6
8.02, 0.6
8.02, 0.6
8.02, 0.6
8.03, 0.6
8.03, 0.6
8.03, 0.6
8.04, 0.6
8.04, 0.6
8.05, 0.6
8.05, 0.6
8.05, 0.6
8.06, 0.6
8.06, 0.6
8.06, 0.6
8.07, 0.6
8.07, 0.6
8.07, 0.6
8.08, 0.6
8.08, 0.6
8.09, 0.6
8.09, 0.6
8.09, 0.6
8.1, 0.6
8.1, 0.6
8.1, 0.6
8.11, 0.6
8.11, 0.6
8.12, 0.6
8.12, 0.6
8.12, 0.6
8.13, 0.6
8.13, 0.6
8.13, 0.6
8.14, 0.6
8.14, 0.6
8.14, 0.6
8.15, 0.6
8.15, 0.6
8.16, 0.6
8.16, 0.6
8.16, 0.6
8.17, 0.6
8.17, 0.6
8.17, 0.6
8.18, 0.6
8.18, 0.6
8.19, 0.6
8.19, 0.6
8.19, 0.6
8.2, 0.6
8.2, 0.61
8.2, 0.61
8.21, 0.61
8.21, 0.61
8.21, 0.61
8.22, 0.61
8.22, 0.61
8.23, 0.61
8.23, 0.61
8.23, 0.61
8.24, 0.61
8.24, 0.61
8.24, 0.61
8.25, 0.61
8.25, 0.61
8.25, 0.61
8.26, 0.61
8.26, 0.61
8.27, 0.61
8.27, 0.61
8.27, 0.61
8.28, 0.61
8.28, 0.61
8.28, 0.61
8.29, 0.61
8.29, 0.61
8.3, 0.61
8.3, 0.61
8.3, 0.61
8.31, 0.61
8.31, 0.61
8.31, 0.61
8.32, 0.61
8.32, 0.61
8.32, 0.61
8.33, 0.61
8.33, 0.61
8.34, 0.61
8.34, 0.61
8.34, 0.61
8.35, 0.61
8.35, 0.61
8.35, 0.61
8.36, 0.61
8.36, 0.61
8.37, 0.61
8.37, 0.61
8.37, 0.61
8.38, 0.61
8.38, 0.61
8.38, 0.61
8.39, 0.61
8.39, 0.61
8.39, 0.61
8.4, 0.61
8.4, 0.61
8.41, 0.61
8.41, 0.61
8.41, 0.61
8.42, 0.61
8.42, 0.61
8.42, 0.61
8.43, 0.61
8.43, 0.61
8.44, 0.61
8.44, 0.61
8.44, 0.61
8.45, 0.61
8.45, 0.61
8.45, 0.61
8.46, 0.61
8.46, 0.61
8.46, 0.61
8.47, 0.61
8.47, 0.61
8.48, 0.61
8.48, 0.61
8.48, 0.61
8.49, 0.61
8.49, 0.61
8.49, 0.61
8.5, 0.61
8.5, 0.61
8.51, 0.61
8.51, 0.61
8.51, 0.61
8.52, 0.61
8.52, 0.61
8.52, 0.61
8.53, 0.61
8.53, 0.61
8.53, 0.61
8.54, 0.61
8.54, 0.61
8.55, 0.61
8.55, 0.61
8.55, 0.61
8.56, 0.61
8.56, 0.61
8.56, 0.61
8.57, 0.61
8.57, 0.61
8.58, 0.61
8.58, 0.6
8.58, 0.6
8.59, 0.6
8.59, 0.6
8.59, 0.6
8.6, 0.6
8.6, 0.6
8.6, 0.6
8.61, 0.6
8.61, 0.6
8.62, 0.6
8.62, 0.6
8.62, 0.6
8.63, 0.6
8.63, 0.6
8.63, 0.6
8.64, 0.6
8.64, 0.6
8.65, 0.6
8.65, 0.6
8.65, 0.6
8.66, 0.6
8.66, 0.6
8.66, 0.6
8.67, 0.6
8.67, 0.6
8.67, 0.56
8.68, 0.56
8.68, 0.56
8.69, 0.56
8.69, 0.56
8.69, 0.56
8.7, 0.56
8.7, 0.56
8.7, 0.56
8.71, 0.56
8.71, 0.56
8.72, 0.56
8.72, 0.56
8.72, 0.56
8.73, 0.56
8.73, 0.56
8.73, 0.56
8.74, 0.56
8.74, 0.56
8.74, 0.56
8.75, 0.56
8.75, 0.56
8.76, 0.56
8.76, 0.56
8.76, 0.56
8.77, 0.56
8.77, 0.28
8.77, 0.28
8.78, 0.28
8.78, 0.28
8.78, 0.28
8.79, 0.28
8.79, 0.28
8.8, 0.28
8.8, 0.28
8.8, 0.28
8.81, 0.28
8.81, 0.28
8.81, 0.28
8.82, 0.28
8.82, 0.28
8.83, 0.28
8.83, 0.28
8.83, 0.28
8.84, 0.28
8.84, 0.28
8.84, 0.28
8.85, 0.28
8.85, 0.28
8.85, 0.28
8.86, 0.28
8.86, 0.28
8.87, 0.03
8.87, 0.03
8.87, 0.03
8.88, 0.03
8.88, 0.03
8.88, 0.03
8.89, 0.03
8.89, 0.03
8.9, 0.03
8.9, 0.03
8.9, 0.03
8.91, 0.03
8.91, 0.03
8.91, 0.03
8.92, 0.03
8.92, 0.03
8.92, 0.03
8.93, 0.03
8.93, 0.03
8.94, 0.03
8.94, 0.03
8.94, 0.03
8.95, 0.03
8.95, 0.03
8.95, 0.03
8.96, 0.03
8.96, 0.0
8.97, 0.0
8.97, 0.0
8.97, 0.0
8.98, 0.0
8.98, 0.0
8.98, 0.0
8.99, 0.0
8.99, 0.0
8.99, 0.0
9.0, 0.0
9.0, 0.0
9.01, 0.0
9.01, 0.0
9.01, 0.0
9.02, 0.0
9.02, 0.0
9.02, 0.0
9.03, 0.0
9.03, 0.0
9.04, 0.0
9.04, 0.0
9.04, 0.0
9.05, 0.0
9.05, 0.0
9.05, 0.0
9.06, 0.0
9.06, 0.0
9.06, 0.0
9.07, 0.0
9.07, 0.0
9.08, 0.0
9.08, 0.0
9.08, 0.0
9.09, 0.0
9.09, 0.0
9.09, 0.0
9.1, 0.0
9.1, 0.0
9.11, 0.0
9.11, 0.0
9.11, 0.0
9.12, 0.0
9.12, 0.0
9.12, 0.0
9.13, 0.0
9.13, 0.0
9.13, 0.0
9.14, 0.0
9.14, 0.0
9.15, 0.0
9.15, 0.0
9.15, 0.0
9.16, 0.0
9.16, 0.0
9.16, 0.0
9.17, 0.0
9.17, 0.0
9.18, 0.0
9.18, 0.0
9.18, 0.0
9.19, 0.0
9.19, 0.0
9.19, 0.0
9.2, 0.0
9.2, 0.0
9.2, 0.0
9.21, 0.0
9.21, 0.0
9.22, 0.0
9.22, 0.0
9.22, 0.0
9.23, 0.0
9.23, 0.0
9.23, 0.0
9.24, 0.0
9.24, 0.0
9.25, 0.0
9.25, 0.0
9.25, 0.0
9.26, 0.0
9.26, 0.0
9.26, 0.0
9.27, 0.0
9.27, 0.0
9.27, 0.0
9.28, 0.0
9.28, 0.0
9.29, 0.0
9.29, 0.0
9.29, 0.0
9.3, 0.0
9.3, 0.0
9.3, 0.0
9.31, 0.0
9.31, 0.0
9.31, 0.0
9.32, 0.0
9.32, 0.0
9.33, 0.0
9.33, 0.0
9.33, 0.0
9.34, 0.0
9.34, 0.0
9.34, 0.0
9.35, 0.0
9.35, 0.0
9.36, 0.0
9.36, 0.0
9.36, 0.0
9.37, 0.0
9.37, 0.0
9.37, 0.0
9.38, 0.0
9.38, 0.0
9.38, 0.0
9.39, 0.0
9.39, 0.0
9.4, 0.0
9.4, 0.0
9.4, 0.0
9.41, 0.0
9.41, 0.0
9.41, 0.0
9.42, 0.0
9.42, 0.0
9.43, 0.0
9.43, 0.0
9.43, 0.0
9.44, 0.0
9.44, 0.0
9.44, 0.0
9.45, 0.0
9.45, 0.0
9.45, 0.0
9.46, 0.0
9.46, 0.0
9.47, 0.0
9.47, 0.0
9.47, 0.0
9.48, 0.0
9.48, 0.0
9.48, 0.0
9.49, 0.0
9.49, 0.0
9.5, 0.0
9.5, 0.0
9.5, 0.0
9.51, 0.0
9.51, 0.0
9.51, 0.0
9.52, 0.0
9.52, 0.0
9.52, 0.0
9.53, 0.0
9.53, 0.0
9.54, 0.0
9.54, 0.0
9.54, 0.0
9.55, 0.0
9.55, 0.0
9.55, 0.0
9.56, 0.0
9.56, 0.0
9.57, 0.0
9.57, 0.0
9.57, 0.0
9.58, 0.0
9.58, 0.0
9.58, 0.0
9.59, 0.0
9.59, 0.0
9.59, 0.0
9.6, 0.0
9.6, 0.0
9.61, 0.0
9.61, 0.0
9.61, 0.0
9.62, 0.0
9.62, 0.0
9.62, 0.0
9.63, 0.0
9.63, 0.0
9.64, 0.0
9.64, 0.0
9.64, 0.0
9.65, 0.0
9.65, 0.0
9.65, 0.0
9.66, 0.0
9.66, 0.0
9.66, 0.0
9.67, 0.0
9.67, 0.0
9.68, 0.0
9.68, 0.0
9.68, 0.0
9.69, 0.0
9.69, 0.0
9.69, 0.0
9.7, 0.0
9.7, 0.0
9.71, 0.0
9.71, 0.0
9.71, 0.0
9.72, 0.0
9.72, 0.0
9.72, 0.0
9.73, 0.0
9.73, 0.0
9.73, 0.0
9.74, 0.0
9.74, 0.0
9.75, 0.0
9.75, 0.0
9.75, 0.0
9.76, 0.0
9.76, 0.0
9.76, 0.0
9.77, 0.0
9.77, 0.0
9.78, 0.0
9.78, 0.0
9.78, 0.0
9.79, 0.0
9.79, 0.0
9.79, 0.0
9.8, 0.0
9.8, 0.0
9.8, 0.0
9.81, 0.0
9.81, 0.0
9.82, 0.0
9.82, 0.0
9.82, 0.0
9.83, 0.0
9.83, 0.0
9.83, 0.0
9.84, 0.0
9.84, 0.0
9.84, 0.0
9.85, 0.0
9.85, 0.0
9.86, 0.0
9.86, 0.0
9.86, 0.0
9.87, 0.0
9.87, 0.0
9.87, 0.0
9.88, 0.0
9.88, 0.0
9.89, 0.0
9.89, 0.0
9.89, 0.0
9.9, 0.0
9.9, 0.0
9.9, 0.0
9.91, 0.0
9.91, 0.0
9.91, 0.0
9.92, 0.0
9.92, 0.0
9.93, 0.0
9.93, 0.0
9.93, 0.0
9.94, 0.0
9.94, 0.0
9.94, 0.0
9.95, 0.0
9.95, 0.0
9.96, 0.0
9.96, 0.0
9.96, 0.0
9.97, 0.0
9.97, 0.0
9.97, 0.0
9.98, 0.0
9.98, 0.0
9.98, 0.0
9.99, 0.0
9.99, 0.0
10.0, 0.0
10.0, 0.0
10.0, 0.0
10.01, 0.0
10.01, 0.0
10.01, 0.0
10.02, 0.0
10.02, 0.0
10.03, 0.0
10.03, 0.0
10.03, 0.0
10.04, 0.0
10.04, 0.0
10.04, 0.0
10.05, 0.0
10.05, 0.0
10.05, 0.0
10.06, 0.0
10.06, 0.0
10.07, 0.0
10.07, 0.0
10.07, 0.0
10.08, 0.0
10.08, 0.0
10.08, 0.0
10.09, 0.0
10.09, 0.0
10.1, 0.0
10.1, 0.0
10.1, 0.0
10.11, 0.0
10.11, 0.0
10.11, 0.0
10.12, 0.0
10.12, 0.0
10.13, 0.0
10.13, 0.0
10.13, 0.0
10.14, 0.0
10.14, 0.0
10.14, 0.0
10.15, 0.0
10.15, 0.0
10.15, 0.0
10.16, 0.0
10.16, 0.0
10.17, 0.0
10.17, 0.0
10.17, 0.0
10.18, 0.0
10.18, 0.0
10.18, 0.0
10.19, 0.0
10.19, 0.0
10.2, 0.0
10.2, 0.0
10.2, 0.0
10.21, 0.0
10.21, 0.0
10.21, 0.0
10.22, 0.0
10.22, 0.0
10.22, 0.0
10.23, 0.0
10.23, 0.0
10.24, 0.0
10.24, 0.0
10.24, 0.0
10.25, 0.0
10.25, 0.0
10.25, 0.0
10.26, 0.0
10.26, 0.0
10.27, 0.0
10.27, 0.0
10.27, 0.0
10.28, 0.0
10.28, 0.0
10.28, 0.0
10.29, 0.0
10.29, 0.0
10.29, 0.0
10.3, 0.0
10.3, 0.0
10.31, 0.0
10.31, 0.0
10.31, 0.0
10.32, 0.0
10.32, 0.0
10.32, 0.0
10.33, 0.0
10.33, 0.0
10.34, 0.0
10.34, 0.0
10.34, 0.0
10.35, 0.0
10.35, 0.0
10.35, 0.0
10.36, 0.0
10.36, 0.0
10.36, 0.0
10.37, 0.0
10.37, 0.0
10.38, 0.0
10.38, 0.0
10.38, 0.0
10.39, 0.0
10.39, 0.0
10.39, 0.0
10.4, 0.0
10.4, 0.0
10.41, 0.0
10.41, 0.0
10.41, 0.0
10.42, 0.0
10.42, 0.0
10.42, 0.0
10.43, 0.0
10.43, 0.0
10.43, 0.0
10.44, 0.0
10.44, 0.0
10.45, 0.0
10.45, 0.0
10.45, 0.0
10.46, 0.0
10.46, 0.0
10.46, 0.0
10.47, 0.0
10.47, 0.0
10.48, 0.0
10.48, 0.0
10.48, 0.0
10.49, 0.0
10.49, 0.0
10.49, 0.0
10.5, 0.0
10.5, 0.0
10.5, 0.0
10.51, 0.0
10.51, 0.0
10.52, 0.0
10.52, 0.0
10.52, 0.0
10.53, 0.0
10.53, 0.0
10.53, 0.0
10.54, 0.0
10.54, 0.0
10.55, 0.0
10.55, 0.0
10.55, 0.0
10.56, 0.0
10.56, 0.0
10.56, 0.0
10.57, 0.0
10.57, 0.0
10.58, 0.0
10.58, 0.0
10.58, 0.0
10.59, 0.0
10.59, 0.0
10.59, 0.0
10.6, 0.0
10.6, 0.0
10.6, 0.0
10.61, 0.0
10.61, 0.0
10.62, 0.0
10.62, 0.0
10.62, 0.0
10.63, 0.0
10.63, 0.0
10.63, 0.0
10.64, 0.0
10.64, 0.0
10.65, 0.0
10.65, 0.0
10.65, 0.0
10.66, 0.0
10.66, 0.0
10.66, 0.0
10.67, 0.0
10.67, 0.0
10.67, 0.0
10.68, 0.0
10.68, 0.0
10.69, 0.0
10.69, 0.0
10.69, 0.0
10.7, 0.0
10.7, 0.0
10.7, 0.0
10.71, 0.0
10.71, 0.0
10.72, 0.0
10.72, 0.0
10.72, 0.0
10.73, 0.0
10.73, 0.0
10.73, 0.0
10.74, 0.0
10.74, 0.0
10.74, 0.0
10.75, 0.0
10.75, 0.0
10.76, 0.0
10.76, 0.0
10.76, 0.0
10.77, 0.0
10.77, 0.0
10.77, 0.0
10.78, 0.0
10.78, 0.0
10.79, 0.0
10.79, 0.0
10.79, 0.0
10.8, 0.0
10.8, 0.0
10.8, 0.0
10.81, 0.0
10.81, 0.0
10.81, 0.0
10.82, 0.0
10.82, 0.0
10.83, 0.0
10.83, 0.0
10.83, 0.0
10.84, 0.0
10.84, 0.0
10.84, 0.0
10.85, 0.0
10.85, 0.0
10.86, 0.0
10.86, 0.0
10.86, 0.0
10.87, 0.0
10.87, 0.0
10.87, 0.0
10.88, 0.0
10.88, 0.0
10.88, 0.0
10.89, 0.0
10.89, 0.0
10.9, 0.0
10.9, 0.0
10.9, 0.0
10.91, 0.0
10.91, 0.0
10.91, 0.0
10.92, 0.0
10.92, 0.0
10.93, 0.0
10.93, 0.0
10.93, 0.0
10.94, 0.0
10.94, 0.0
10.94, 0.0
10.95, 0.0
10.95, 0.0
10.95, 0.0
10.96, 0.0
10.96, 0.0
10.97, 0.0
10.97, 0.0
10.97, 0.0
10.98, 0.0
10.98, 0.0
10.98, 0.0
10.99, 0.0
10.99, 0.0
11.0, 0.0
11.0, 0.0
11.0, 0.0
11.01, 0.0
11.01, 0.0
11.01, 0.0
11.02, 0.0
11.02, 0.0
11.03, 0.0
11.03, 0.0
11.03, 0.0
11.04, 0.0
11.04, 0.0
11.04, 0.0
11.05, 0.0
11.05, 0.0
11.05, 0.0
11.06, 0.0
11.06, 0.0
11.07, 0.0
11.07, 0.0
11.07, 0.0
11.08, 0.0
11.08, 0.0
11.08, 0.0
11.09, 0.0
11.09, 0.0
11.1, 0.0
11.1, 0.0
11.1, 0.0
11.11, 0.0
11.11, 0.0
11.11, 0.0
11.12, 0.0
11.12, 0.0
11.12, 0.0
11.13, 0.0
11.13, 0.0
11.14, 0.0
11.14, 0.0
11.14, 0.0
11.15, 0.0
11.15, 0.0
11.15, 0.0
11.16, -0.0
11.16, -0.0
11.17, -0.0
11.17, -0.0
11.17, -0.0
11.18, -0.0
11.18, -0.0
11.18, -0.0
11.19, -0.0
11.19, -0.0
11.19, -0.0
11.2, -0.0
11.2, -0.0
11.21, -0.0
11.21, -0.0
11.21, -0.0
11.22, -0.0
11.22, -0.0
11.22, -0.0
11.23, -0.0
11.23, -0.0
11.24, -0.0
11.24, -0.0
11.24, -0.0
11.25, -0.0
11.25, -0.0
11.25, -0.0
11.26, -0.0
11.26, -0.0
11.27, -0.0
11.27, -0.0
11.27, -0.0
